246

1100110101, 10 110 vala 01 (1100000101 204
1100000001, Τ1110110’281

111001οο1, legend reepecting 4

1100 001 110 01100, 10110 01244

1110010 01 king william 110100 222
11011001, privileges 01110 000 224

111301, king 199

Edmund 110ηο110204 i 11010011 200
111110 110 1911179, 170

1110011 111ος 0111031001 98

ab 1111110, waleranus 213

1111011011, shrine 01 00101 81
Ε1101101110 0010011199, 202

a liudo, 1000110111 11010111 104
Eudo 10 810110 62 ¹

nin-John, Payne 211
801101110100 (1111011 19, 42, 108
8001010011ωο 217

11100011 010101110100311 280

i (1010, story 01 80

(1010 and 8011100108

(1010011. king 01 Hungary 78
(10011100 01 Δ10110110 41

(10011101 10110 0181110οι 282
(1008100 0101110100 01 Ycrk 228, 280
(101011 0101110100 01 Ycrk 224

“ (1011011, legend 01170

(10101001, distribution 01 0001111 210
0 (101001000, Adam 281

(11111100 79

(1111000011 110 8001 92

(11001011 10 1100011011 20

(110010, 110 101110 01209
101110011110, 1100011111 8, 241

INDEX.

(1100000101 08

(1100000101, 00111001 01200
(1100000101, 1101011 0011 01200, 220
(1100000101, william 0011 01 01
(1011110, 0011 198

(1100101001, 1110 01101 01 28, 08
(1103010, 010011 01 (1100000101, 08
(1001101010101011010 01 Franco 218
Gundniph 110100 01 1100100101 222
10 (101001, William 218

110100110 0110101 (1100010109

1101000110, 0 101311, 81

1100, 00. 1110000108

Helena, 110 00101001 89

1101100, 11010111 01110100, 70

11011, description 010

Hanno 11111 110 Το0111 108

Hanry 1. 11100010100101 001 0001110100 01209

110οη ΙΙ. 0110010100 017, 02, 09, 00, 02, 89,
180,190,209, 218, 228, 242, 0000011οο 01
228; 110 01011010001100 224; 110 00100001
appearance and character 227

Henry, junior, king, 0110100101 01 188, 282

Henry 1. count 01 champagne, 218

Henry V. the emperor 228

110οη 110 hicn, 10110 018010ογ 282

110101011, 81, 170

Ηο101011, Milo 0011 01 128

Ηο101110, 110 11100 00

Ηο110, 01 Herlething, king 14, 180

Ηο01011 (i. e. North Walac) 77

Η1110001, mother 01 0101110100 (10011100, 228,
280

' Η11101011110100 010000 20
Ηο01 00001 01 1100100 187
110001101Ιο10, origin 01 80
Hugh 1101100011οη 73

1

Ι
i

 

