00011110, Peter 41
Aere, bnhop 01 280
Adam, 01 01300110 0101010 8
1100, king 011110 8101000 182
Alexander 111. pepe 87, 74, 178, 216
ΔΙ1100,010111)0. 01 York 224
0110001, queen 01 110οη ΙΙ. 220
81000, 000 01 80110 81, 82, 170
Andronicus, the emperor 90, 108
Augen, 1110 101100 84, 157
00110010, egee 01 5
0000101, erehbinhop 222, 228

1 Apolloniden, king 106
apparitione 77 et req. 188
Amld 01 8101010 41, 48
munel, 111111οι0 0011 01 284

r 80010100, 1110 0001 01 85
,10010Ιὶ10 76, 90

8011100, 000 01 1110 001000 01, 11100101] 88
8010010, arehbinhop 26

801111010ωο0, biehop 0180010120
80001101, 00

00 8000000010, 81001100 205
8011101000 21101000

8010 ΙΙΙ. king 0111003011, 74
80000100000, the 44

1101110101, 00011110 801010 201
8010010 01 0101111000 10

81010, siege 01 210

00 810000, william 75

81000, 0111011111 10 0011 (100010 208

8100100011 77

80001000 01010000 218
LBnrgnndy, etory 0101013111 01 70
00 801000001, nonen 48

Byleud ebbey 55

100000, king 01 1110 1101011, 70
(1000, 10101 0011010100 01 282
0011110010οε, origin 0126, 50
01101110 000 11010110, 0001001 between 242
(11101000ςο0, 110011 00001 01 210
— ’1110011010 00001 01210-221.
0110110010μο 215

0000110100μο end Pepin, 1001110000 01 105
0110100110, 0 111101 01 1101111 170100 101
chnut, king 01 the 110000 202
(1011011000 01 Oeen 282
cisterciens, origin 01 88, 44
(1110000 70
Cluui 166, 220
0010100101 88
(10000, 0 Weleh knight 100
0001110000, queen 01 80010 vll. 217
(10011001100010, 0000010101 01176
00000110 11010 01800000 170
Coun, 1000011000 00 1110, 1, 141
00 0001110000, 1101101287

(1011011010 54

800001110111110001 10 1111310110 207
111000, 0000 01 the 82, 188

110011, 10100101 78

 

